NDIM=2.0
N_BLADES=1.0
N_SECTIONS=2.0
CASCADE_TYPE=LINEAR
x_leading=-0.00028776546336270985
y_leading=0.0005701487488302746
z_leading=-0.025590609540432033, -0.025582098594570224
x_trailing=0.16619874251303562
z_trailing=-0.02559062082982859, -0.0255820994055541
x_hub=
z_hub=
x_shroud=
z_shroud=
PARAMETRIZATION_TYPE=CAMBER_THICKNESS
stagger=0.09319119771259042
theta_in=34.161127575100394
theta_out=-37.297161985044454
radius_in=0.0018832093009162562
radius_out=0.0001
dist_in=0.040367414961024674
dist_out=0.045822360861771515
thickness_upper_1=0.003480338345688441
thickness_upper_2=0.08972108396377765
thickness_upper_3=0.09446625973214329
thickness_upper_4=0.048979578254075694
thickness_upper_5=0.011429400657069797
thickness_upper_6=0.0001
thickness_lower_1=0.006984762851101132
thickness_lower_2=0.016022259128549488
thickness_lower_3=0.007259163549071634
thickness_lower_4=0.0001
thickness_lower_5=0.0012478879646503906
thickness_lower_6=0.009872786357625144
PLOT_FORMAT=MATPLOTLIB
OPERATION_TYPE=GEOMETRY
PRESCRIBED_BLADE_FILENAME=../parageom/blade.txt
Config_Path=./my_tests/blade.cfg
