NDIM=2.0
N_BLADES=1.0
N_SECTIONS=2.0
CASCADE_TYPE=LINEAR
x_leading=-0.001
y_leading=0.0
z_leading=0.0, 0.0
x_trailing=0.165
z_trailing=0.0, 0.0
x_hub=
z_hub=
x_shroud=
z_shroud=
PARAMETRIZATION_TYPE=CAMBER_THICKNESS
stagger=0.3400135040283203
theta_in=0.9762556922626686
theta_out=-4.603036482703885
radius_in=0.003879502240349275
radius_out=0.003922210530163783
dist_in=0.030288533093457568
dist_out=0.00907219055502173
thickness_upper_1=0.039502344794451916
thickness_upper_2=0.06474047982118991
thickness_upper_3=0.14064869600183827
thickness_upper_4=0.05602883731617647
thickness_upper_5=0.03999826359876335
thickness_upper_6=0.0004899784842914423
thickness_lower_1=0.00830391460561497
thickness_lower_2=0.007385449740975991
thickness_lower_3=-0.007884697735628277
thickness_lower_4=-0.011517236067012049
thickness_lower_5=-0.006099403095755296
thickness_lower_6=0.0048159023019719305
PLOT_FORMAT=MATPLOTLIB
OPERATION_TYPE=GEOMETRY
PRESCRIBED_BLADE_FILENAME=../parageom/blade.txt
Config_Path=./my_tests/blade.cfg
